{
    "sym_type": "P(4): Tetrahedral Item",
    "n-fold": 3,
    "ADI-C": false,
    "current_obj_info": {
        "diameter": 40.00060729519459,
        "min_x": -20.000099182128906,
        "min_y": -11.547100067138672,
        "min_z": -8.164999961853027,
        "size_x": 39.999900817871094,
        "size_y": 34.64099884033203,
        "size_z": 32.660099029541016,
        "symmetries_discrete": [
            [
                0.5008122808231005,
                0.2885119097419209,
                0.8160563321939445,
                0.002974452663848209,
                0.8655558588857819,
                -0.16730214044487157,
                -0.4720413636018147,
                -0.00014001129473314934,
                0.00033841580969795615,
                0.9427464514595819,
                -0.33351014037822835,
                -0.0070947969730096065,
                0.0,
                0.0,
                0.0,
                1.0
            ],
            [
                0.5008122808231003,
                0.8655558588857821,
                0.0003384158096982337,
                -0.001366053834853442,
                0.2885119097419213,
                -0.16730214044487202,
                0.9427464514595819,
                0.0058070054623518864,
                0.8160563321939445,
                -0.4720413636018145,
                -0.3335101403782288,
                -0.004859598788053436,
                0.0,
                0.0,
                0.0,
                1.0
            ],
            [
                -0.4999997054158476,
                0.8660249546343934,
                0.001035632445701553,
                -0.005497776027797883,
                -0.8660255240121482,
                -0.4999997248740089,
                -0.0002586221177095627,
                -0.004785139762740311,
                0.00029384273016449847,
                -0.0010261951141414738,
                0.9999994302898565,
                3.870423894826794e-07,
                0.0,
                0.0,
                0.0,
                1.0
            ],
            [
                -0.49999970541584826,
                -0.8660255240121479,
                0.0002938427301644989,
                -0.006892939678569388,
                0.8660249546343932,
                -0.49999972487400957,
                -0.0010261951141414742,
                0.0023686430673908894,
                0.0010356324457015532,
                -0.00025862211770956314,
                0.9999994302898565,
                4.0690900856305695e-06,
                0.0,
                0.0,
                0.0,
                1.0
            ],
            [
                -0.4999999328629592,
                -0.288024083120171,
                -0.8167265115568498,
                -0.011240348484677434,
                0.2886225588732517,
                0.8337392580018141,
                -0.4707184595658436,
                -0.0017127864593049888,
                0.8165152084600094,
                -0.4710848938454398,
                -0.3337393251388545,
                -0.004858283995432012,
                0.0,
                0.0,
                0.0,
                1.0
            ],
            [
                -0.49999993286295985,
                0.2886225588732516,
                0.8165152084600091,
                -0.0011589619077188268,
                -0.2880240831201709,
                0.833739258001814,
                -0.47108489384544,
                -0.004098137954813014,
                -0.8167265115568496,
                -0.47071845956584385,
                -0.33373932513885496,
                -0.011607931232231583,
                0.0,
                0.0,
                0.0,
                1.0
            ],
            [
                0.499183498954505,
                -0.8664961993162594,
                -0.0004134513452271338,
                -0.002768009610781377,
                -0.2881275942292598,
                -0.16643862062964554,
                0.9430167946577408,
                0.0034261269106598217,
                -0.8171892827339311,
                -0.4706192963886819,
                -0.332744878324859,
                -0.01160390775542142,
                0.0,
                0.0,
                0.0,
                1.0
            ],
            [
                0.49918349895450476,
                -0.2881275942292601,
                -0.8171892827339311,
                -0.007113682628621446,
                -0.8664961993162597,
                -0.1664386206296462,
                -0.47061929638868166,
                -0.007289252873516209,
                -0.0004134513452273558,
                0.9430167946577408,
                -0.33274487832485944,
                -0.007093180528848825,
                0.0,
                0.0,
                0.0,
                1.0
            ],
            [
                -0.0003083657969440434,
                0.5772250816982105,
                -0.8165850292339615,
                -0.008479591052774961,
                0.5772250816982103,
                -0.6667084293376924,
                -0.47149875430223753,
                -0.00172945470176903,
                -0.8165850292339615,
                -0.4714987543022373,
                -0.3329832048653636,
                -0.011603520183725312,
                0.0,
                0.0,
                0.0,
                1.0
            ],
            [
                0.0003076925523424201,
                -0.578172402431054,
                0.8159145656209338,
                0.0002091810750109776,
                -0.5781724024310538,
                -0.6658194979187322,
                -0.47159417856707186,
                -0.006504386259003754,
                0.8159145656209338,
                -0.47159417856707164,
                -0.3344881946336107,
                -0.004865585485848483,
                0.0,
                0.0,
                0.0,
                1.0
            ],
            [
                -0.9999993570144947,
                0.0009256275869276311,
                0.0006551214908333627,
                -0.008261094078216492,
                0.0009256275869274895,
                0.33251282096318435,
                0.9430982807261795,
                0.005021866211989508,
                0.0006551214908335626,
                0.9430982807261795,
                -0.33251346394868997,
                -0.007087336020710548,
                0.0,
                0.0,
                0.0,
                1.0
            ]
        ]
    }
}