{
    "sym_type": "P(20): Icosahedral Item",
    "n-fold": 3,
    "ADI-C": false,
    "current_obj_info": {
        "diameter": 81.44599257809588,
        "min_x": -38.04230880737305,
        "min_y": -40.0,
        "min_z": -32.36069869995117,
        "size_x": 76.08460998535156,
        "size_y": 80.0,
        "size_z": 64.72139739990234,
        "symmetries_discrete": [
            [
                0.3090170055642266,
                -0.9510564974489495,
                0.00017009484088889378,
                -5.39279174318674e-05,
                0.9510565126420683,
                0.3090169995323586,
                -6.132801673472296e-05,
                0.0014470468996280847,
                5.764211423796284e-06,
                0.00018072120628275564,
                0.9999999836533096,
                -1.1815329382415529e-07,
                0.0,
                0.0,
                0.0,
                1.0
            ],
            [
                -0.8090169650810344,
                -0.5877852254517599,
                0.00028098344529303183,
                -0.0014468159370948917,
                0.587785265227861,
                -0.8090169808726695,
                8.149039074335156e-05,
                0.0018429205008930636,
                0.0001794215308909366,
                0.00023108503751865676,
                0.999999957203809,
                2.489462361384906e-08,
                0.0,
                0.0,
                0.0,
                1.0
            ],
            [
                -0.8090169650810344,
                0.5877852652278608,
                0.00017942153089093663,
                -0.002253740158337305,
                -0.5877852254517597,
                -0.8090169808726695,
                0.00023108503751865673,
                0.0006405369420955592,
                0.0002809834452930318,
                8.149039074335158e-05,
                0.999999957203809,
                2.3145639243461898e-07,
                0.0,
                0.0,
                0.0,
                1.0
            ],
            [
                0.3090170055642264,
                0.9510565126420684,
                5.764211423796311e-06,
                -0.0013595587337476324,
                -0.9510564974489496,
                0.3090169995323584,
                0.0001807212062827557,
                -0.0004984505660203348,
                0.0001700948408888938,
                -6.132801673472295e-05,
                0.9999999836533096,
                2.1607066890411814e-07,
                0.0,
                0.0,
                0.0,
                1.0
            ],
            [
                0.8091740094067721,
                -0.2626935987809168,
                0.5255753948389325,
                -8.139852041549379e-05,
                0.5875690789156821,
                0.361772466367117,
                -0.7237978033130732,
                0.001130692577520023,
                -1.6571107185336942e-06,
                0.8944902211529111,
                0.4470875129760057,
                -0.0005439963823999948,
                0.0,
                0.0,
                0.0,
                1.0
            ],
            [
                0.5004110706900617,
                0.1625219074611307,
                0.8503971953893203,
                -0.0007302009033143117,
                0.6880131416431261,
                -0.6709013756069044,
                -0.2766392255901526,
                0.0018856621529181787,
                0.5255727135774666,
                0.7235177771167474,
                -0.44754368383305243,
                0.00022418321653304836,
                0.0,
                0.0,
                0.0,
                1.0
            ],
            [
                0.5004110706900617,
                0.688013141643126,
                0.5255727135774667,
                -0.0010497843075122108,
                0.16252190746113082,
                -0.6709013756069044,
                0.7235177771167471,
                0.0012215664334662918,
                0.8503971953893202,
                -0.27663922559015236,
                -0.44754368383305243,
                0.001242940700537927,
                0.0,
                0.0,
                0.0,
                1.0
            ],
            [
                0.8091740094067721,
                0.5875690789156822,
                -1.6571107185336942e-06,
                -0.0005984953306480908,
                -0.2626935987809168,
                0.3617724663671168,
                0.8944902211529113,
                5.6163131663555734e-05,
                0.5255753948389326,
                -0.7237978033130732,
                0.44708751297600546,
                0.0011043878530132255,
                0.0,
                0.0,
                0.0,
                1.0
            ],
            [
                0.30901702339075654,
                -0.42510701922907246,
                0.8507599552499456,
                -0.0005226419780504664,
                0.4253603275261879,
                0.8618629737173404,
                0.27615359186857796,
                0.0004949124992471778,
                -0.8506333352400026,
                0.27654337225338804,
                0.44715399164179814,
                -0.0009898523361528816,
                0.0,
                0.0,
                0.0,
                1.0
            ],
            [
                -0.8090169184105731,
                -0.26247727844260654,
                0.5259251886217491,
                -0.001736664752950337,
                0.26314044817408705,
                0.6383525700871596,
                0.7233692700121138,
                0.000425796816567629,
                -0.5255936931320624,
                0.7236101675380745,
                -0.4473696404264811,
                -0.0008510272989619343,
                0.0,
                0.0,
                0.0,
                1.0
            ],
            [
                -0.8090169184105731,
                0.263140448174087,
                -0.5255936931320622,
                -0.0019643301129044534,
                -0.2624772784426065,
                0.6383525700871596,
                0.7236101675380745,
                -0.00011183152373116256,
                0.5259251886217489,
                0.7233692700121138,
                -0.4473696404264811,
                0.00022462362866442132,
                0.0,
                0.0,
                0.0,
                1.0
            ],
            [
                0.3090170233907563,
                0.42536032752618796,
                -0.8506333352400027,
                -0.000891012268517206,
                -0.4251070192290725,
                0.8618629737173403,
                0.27654337225338815,
                -0.00037498842867146143,
                0.8507599552499457,
                0.2761535918685781,
                0.4471539916417979,
                0.0007505874247769151,
                0.0,
                0.0,
                0.0,
                1.0
            ],
            [
                0.5000415495563558,
                -0.16264215682773697,
                -0.8505915456549638,
                -0.0002920214593602796,
                0.6883254456061013,
                0.6706758918899887,
                0.276408988581649,
                0.0008950738600813706,
                0.5255154894467342,
                -0.7236997836534083,
                0.4473165473035504,
                0.0011042303019750577,
                0.0,
                0.0,
                0.0,
                1.0
            ],
            [
                -0.3089082162241905,
                0.4251649078552321,
                -0.8507705419663053,
                -0.0015228700248422758,
                0.951091809484352,
                0.13781829165324555,
                -0.2764606453323185,
                0.0015995916992882849,
                -0.00028962211561112117,
                -0.8945618590205112,
                -0.4469440641789497,
                0.0007969442290431212,
                0.0,
                0.0,
                0.0,
                1.0
            ],
            [
                -0.3089082162241905,
                0.9510918094843519,
                -0.0002896221156112877,
                -0.0019915548139539207,
                0.4251649078552322,
                0.13781829165324555,
                -0.8945618590205111,
                0.0011399338095174204,
                -0.8507705419663052,
                -0.2764606453323186,
                -0.4469440641789497,
                -0.000497199310273352,
                0.0,
                0.0,
                0.0,
                1.0
            ],
            [
                0.5000415495563557,
                0.6883254456061014,
                0.5255154894467342,
                -0.0010503693781529976,
                -0.16264215682773697,
                0.6706758918899887,
                -0.7236997836534085,
                0.00015133177123505953,
                -0.850591545654964,
                0.276408988581649,
                0.4473165473035502,
                -0.0009897379309600821,
                0.0,
                0.0,
                0.0,
                1.0
            ],
            [
                0.8088856034872272,
                -0.5879660447690618,
                0.00010329438487360898,
                0.0002081092053798073,
                0.2629158322301026,
                0.36185970081097507,
                0.8943896366191549,
                0.0005937053430055641,
                -0.5259081152006089,
                -0.7234317432402432,
                0.4472886844516928,
                2.8661719229727142e-05,
                0.0,
                0.0,
                0.0,
                1.0
            ],
            [
                0.4996560141901363,
                -0.6884332124370818,
                -0.5257409813750362,
                2.7370123874116345e-05,
                -0.16255929204029057,
                -0.6706729928678941,
                0.7237210879952173,
                0.0008888933303693681,
                -0.8508339109691068,
                -0.2761475124841456,
                -0.4470170100721367,
                -0.0004974698293006368,
                0.0,
                0.0,
                0.0,
                1.0
            ],
            [
                0.4996560141901363,
                -0.16255929204029068,
                -0.8508339109691067,
                -0.00029244197697164535,
                -0.6884332124370816,
                -0.6706729928678941,
                -0.2761475124841454,
                0.0004776241966253094,
                -0.5257409813750363,
                0.7237210879952171,
                -0.4470170100721367,
                -0.0008512987280757437,
                0.0,
                0.0,
                0.0,
                1.0
            ],
            [
                0.8088856034872272,
                0.2629158322301026,
                -0.5259081152006089,
                -0.0003093576438021441,
                -0.5879660447690619,
                0.36185970081097496,
                -0.7234317432402433,
                -7.174209391604916e-05,
                0.00010329438487360898,
                0.894389636619155,
                0.44728868445169256,
                -0.000543845465190342,
                0.0,
                0.0,
                0.0,
                1.0
            ],
            [
                0.49997085214734416,
                -0.6881643949255263,
                -0.5257936026235416,
                2.7514277827200232e-05,
                0.16244166597861942,
                0.670864080047358,
                -0.7235703775420209,
                0.00048367948970573526,
                0.8506714125660678,
                0.2763533094771914,
                0.44719905655519276,
                0.0007503540679402554,
                0.0,
                0.0,
                0.0,
                1.0
            ],
            [
                -0.3090933044438995,
                -0.9510317148583878,
                -8.050754607846766e-05,
                -0.0006861117572380866,
                -0.4253282581829625,
                0.13831097464551845,
                -0.8944081546383922,
                0.00026969817450367623,
                0.8506216561662406,
                -0.27642132990440677,
                -0.44725165895151386,
                0.0012429837364969073,
                0.0,
                0.0,
                0.0,
                1.0
            ],
            [
                -0.3090933044438995,
                -0.4253282581829626,
                0.8506216561662405,
                -0.0011546711799924586,
                -0.9510317148583877,
                0.13831097464551845,
                -0.2764213299044069,
                -0.00034622904095433593,
                -8.050754607830113e-05,
                -0.894408154638392,
                -0.44725165895151386,
                0.0007970915475912584,
                0.0,
                0.0,
                0.0,
                1.0
            ],
            [
                0.49997085214734394,
                0.16244166597861942,
                0.8506714125660679,
                -0.0007306307939384047,
                -0.6881643949255264,
                0.6708640800473579,
                0.2763533094771914,
                -0.0005129116795014084,
                -0.5257936026235417,
                -0.723570377542021,
                0.44719905655519254,
                2.888535097282645e-05,
                0.0,
                0.0,
                0.0,
                1.0
            ],
            [
                -0.4996684909693061,
                0.1625209093002224,
                0.850833916327203,
                -0.0017531293325058757,
                0.16252090930022262,
                -0.947208909526922,
                0.27637336295860465,
                0.0014678406773285275,
                0.850833916327203,
                0.27637336295860476,
                0.4468774004962275,
                0.0007505472344449542,
                0.0,
                0.0,
                0.0,
                1.0
            ],
            [
                -0.49959196274879836,
                0.6884557317799639,
                0.5257723615179083,
                -0.002072908937655427,
                0.6884557317799641,
                -0.0528303717417018,
                0.7233516829322705,
                0.0013352512641200505,
                0.5257723615179081,
                0.7233516829322707,
                -0.4475776655095005,
                0.0002245057279198854,
                0.0,
                0.0,
                0.0,
                1.0
            ],
            [
                -0.9999999237570447,
                0.0002053266236340865,
                0.00033215490669822554,
                -0.0020457678103168496,
                0.00020532662363429482,
                -0.4470436998471772,
                0.894512095093143,
                0.0008802403550535573,
                0.00033215490669809674,
                0.894512095093143,
                0.44704362360422245,
                -0.0005436644200185481,
                0.0,
                0.0,
                0.0,
                1.0
            ],
            [
                0.30933168128382715,
                0.9509541377908324,
                -0.00037252196589570555,
                -0.001359118719659764,
                0.9509541377908324,
                -0.30933178727119204,
                -0.0002705588736224175,
                0.0018714166991390898,
                -0.00037252196589556157,
                -0.0002705588736226157,
                -0.9999998940126344,
                0.000253019444132354,
                0.0,
                0.0,
                0.0,
                1.0
            ],
            [
                0.30886609652783303,
                0.425015672077659,
                -0.8508603956607893,
                -0.0008909013088740212,
                0.4250156720776591,
                -0.8619886923568247,
                -0.27629182531762764,
                0.0017477928223597807,
                -0.8508603956607893,
                -0.27629182531762786,
                -0.44687740417100774,
                -0.0004974155333214675,
                0.0,
                0.0,
                0.0,
                1.0
            ],
            [
                0.9999998767480364,
                -0.0002837402296154945,
                -0.00040742532336874134,
                2.462224372402552e-07,
                -0.0002837402296154945,
                -0.9999999597457385,
                5.780148108644459e-08,
                0.0013725531322484811,
                -0.00040742532336874134,
                5.780148084151523e-08,
                -0.9999999170022977,
                0.00025279799099787884,
                0.0,
                0.0,
                0.0,
                1.0
            ],
            [
                -0.8089524664911105,
                -0.26289527922348277,
                0.5258155371610428,
                -0.0017362980245288553,
                -0.26289527922348255,
                -0.6382370053744926,
                -0.7235603617754411,
                0.0009472421824468651,
                0.5258155371610428,
                -0.7235603617754411,
                0.44718947186560276,
                0.001104457574998131,
                0.0,
                0.0,
                0.0,
                1.0
            ],
            [
                0.30921417394317663,
                -0.4254755726483332,
                0.8505040456765693,
                -0.0005221549508549175,
                -0.4254755726483331,
                -0.8617266246246096,
                -0.27640144987436455,
                0.0008777507911516364,
                0.8505040456765693,
                -0.2764014498743643,
                -0.4474875493185677,
                0.0012428796647530778,
                0.0,
                0.0,
                0.0,
                1.0
            ],
            [
                -0.8091976055585193,
                -0.5875365813778782,
                2.6479333591905603e-05,
                -0.001447139147397791,
                -0.5875365813778782,
                0.8091976018837481,
                -8.153764097781537e-05,
                -0.00046994675056472783,
                2.647933359167265e-05,
                -8.153764097789102e-05,
                -0.9999999963252291,
                0.00025329780432797557,
                0.0,
                0.0,
                0.0,
                1.0
            ],
            [
                -0.808813837892943,
                0.5880647623705016,
                -0.00010436002092945889,
                -0.0022536883254460106,
                0.5880647623705016,
                0.8088137809274498,
                -0.00032099839356874245,
                0.0007327432052587934,
                -0.00010436002092969183,
                -0.00032099839356866677,
                -0.9999999430345072,
                0.00025332834713120777,
                0.0,
                0.0,
                0.0,
                1.0
            ],
            [
                -0.9999999890884501,
                0.00012565563432482112,
                -7.767728367701419e-05,
                -0.002045661301464036,
                0.00012565563432469232,
                0.4470299080197365,
                -0.8945190023395407,
                0.0004929518871796342,
                -7.767728367722252e-05,
                -0.8945190023395407,
                -0.44702991893128563,
                0.0007971424567061237,
                0.0,
                0.0,
                0.0,
                1.0
            ],
            [
                0.3087610095671435,
                -0.9511396391184715,
                -0.00016083737815708932,
                -5.409077949911209e-05,
                -0.9511396391184715,
                -0.3087610293329084,
                0.00011688826661170862,
                -7.447128403219024e-05,
                -0.0001608373781572333,
                0.00011688826661151048,
                -0.9999999802342354,
                0.0002529700123264393,
                0.0,
                0.0,
                0.0,
                1.0
            ],
            [
                -0.5002702473115432,
                -0.16255503630069149,
                -0.8504737149542761,
                -0.0013152075296912892,
                -0.16255503630069126,
                -0.9471231406884175,
                0.2766470974830349,
                0.001135261925002527,
                -0.8504737149542761,
                0.2766470974830348,
                0.447393387999962,
                -0.0009897905863221874,
                0.0,
                0.0,
                0.0,
                1.0
            ],
            [
                -0.5003390578374081,
                -0.6880669721659994,
                -0.5255708030481608,
                -0.0009956902241236053,
                -0.6880669721659992,
                -0.052485158962799705,
                0.7237466061426221,
                -7.293272259721833e-05,
                -0.5255708030481611,
                0.7237466061426219,
                -0.44717578319979223,
                -0.0008511220853290081,
                0.0,
                0.0,
                0.0,
                1.0
            ],
            [
                -0.809063805537583,
                0.26275228110616156,
                -0.525715700110385,
                -0.0019640961754266942,
                0.2627522811061618,
                -0.6384197274860801,
                -0.7234510974005827,
                0.001484982127782509,
                -0.525715700110385,
                -0.7234510974005827,
                0.4474835330236636,
                2.8847135779645153e-05,
                0.0,
                0.0,
                0.0,
                1.0
            ],
            [
                -0.30879952115927223,
                -0.4250640571048639,
                0.8508603898932872,
                -0.0011545822794684706,
                0.9511271372376977,
                -0.1381515805337301,
                0.27617260835581386,
                0.0017190920912125325,
                0.00015665830834871164,
                0.8945583760457363,
                0.4469511016930032,
                -0.0005438639709069806,
                0.0,
                0.0,
                0.0,
                1.0
            ],
            [
                -0.30879952115927267,
                0.9511271372376977,
                0.0001566583083490447,
                -0.0019915243935921343,
                -0.42506405710486367,
                -0.13815158053373056,
                0.8945583760457364,
                0.0002332419321161318,
                0.8508603898932874,
                0.27617260835581414,
                0.446951101693003,
                0.0007507027826064141,
                0.0,
                0.0,
                0.0,
                1.0
            ],
            [
                0.8090456410647837,
                0.26245527766566595,
                -0.5258919831101357,
                -0.0003088798663769965,
                0.5877456532817491,
                -0.3619525552990095,
                0.7235643680840891,
                0.0014444069997800169,
                -0.0004446599634855275,
                -0.8944873251969283,
                -0.44709308576577356,
                0.000796753363102472,
                0.0,
                0.0,
                0.0,
                1.0
            ],
            [
                0.8090456410647836,
                0.5877456532817492,
                -0.00044465996348569403,
                -0.0005986917418641115,
                0.2624552776656661,
                -0.36195255529901016,
                -0.8944873251969281,
                0.0013165597401606495,
                -0.5258919831101359,
                0.7235643680840889,
                -0.447093085765774,
                -0.0008513359638201133,
                0.0,
                0.0,
                0.0,
                1.0
            ],
            [
                0.00017942021416650356,
                -0.8506267124822002,
                0.5257700674440406,
                -0.0005052866831354835,
                0.5256174667355882,
                -0.44720344062958794,
                -0.7236956275614226,
                0.0016226146073371308,
                0.8507210156513412,
                0.2764837765598243,
                0.447024020415422,
                0.00075033740703266,
                0.0,
                0.0,
                0.0,
                1.0
            ],
            [
                0.00017942021416605947,
                0.525617466735588,
                0.8507210156513414,
                -0.001491111721743819,
                -0.8506267124822,
                -0.4472034406295884,
                0.27648377655982415,
                8.837236508992571e-05,
                0.5257700674440409,
                -0.7236956275614225,
                0.4470240204154218,
                0.001104524865658073,
                0.0,
                0.0,
                0.0,
                1.0
            ],
            [
                -0.49999997115652595,
                0.16275745198447614,
                0.8505939340643065,
                -0.0017536003524415192,
                -0.16234884010473408,
                0.947152920578529,
                -0.27666622337432206,
                -9.47458013758985e-05,
                -0.8506720184419612,
                -0.27642604230260887,
                -0.4471529494220021,
                -0.0004970958470142367,
                0.0,
                0.0,
                0.0,
                1.0
            ],
            [
                -0.4999999711565266,
                -0.16234884010473405,
                -0.8506720184419609,
                -0.0013150475241377221,
                0.1627574519844761,
                0.947152920578529,
                -0.276426042302609,
                0.000237740050012988,
                0.8505939340643063,
                -0.2766662233743222,
                -0.4471529494220028,
                0.0012431109853746987,
                0.0,
                0.0,
                0.0,
                1.0
            ],
            [
                0.000292081076663564,
                0.5260491832443528,
                0.8504540972307643,
                -0.0014912590387980032,
                0.8506076651222052,
                0.4470388148439083,
                -0.27680841399477807,
                0.0012846056321794063,
                -0.5258008318023045,
                0.7234836244386623,
                -0.44733089592057196,
                -0.0008511572022418092,
                0.0,
                0.0,
                0.0,
                1.0
            ],
            [
                0.0002920810766631199,
                0.8506076651222054,
                -0.5258008318023044,
                -0.0015397989937785887,
                0.5260491832443532,
                0.44703881484390806,
                0.7234836244386622,
                0.0008260053176591328,
                0.8504540972307641,
                -0.2768084139947779,
                -0.4473308959205726,
                0.001243088093382438,
                0.0,
                0.0,
                0.0,
                1.0
            ],
            [
                0.8090031693237819,
                -0.26315998171229216,
                0.5256050761258517,
                -8.12568768732443e-05,
                -0.5878041919111915,
                -0.36170010093161586,
                0.7236430535545069,
                0.00024188024450230863,
                -0.00032248365474124574,
                -0.8943823908213118,
                -0.4473030683921668,
                0.0007968328802265266,
                0.0,
                0.0,
                0.0,
                1.0
            ],
            [
                0.8090031693237818,
                -0.5878041919111916,
                -0.0003224836547410792,
                0.00020817225815820137,
                -0.2631599817122924,
                -0.3617001009316163,
                -0.8943823908213117,
                0.0007787778471199208,
                0.5256050761258518,
                0.7236430535545065,
                -0.4473030683921675,
                0.0002240998605496427,
                0.0,
                0.0,
                0.0,
                1.0
            ],
            [
                -0.3092034320449588,
                -0.9509958705752943,
                0.0003029197193111788,
                -0.0006862975439300551,
                0.4253988473507029,
                -0.1380277777223331,
                0.8944183323533386,
                0.001103021717042099,
                -0.8505463292991815,
                0.27668607974701565,
                0.4472312097672927,
                -0.000989871081036589,
                0.0,
                0.0,
                0.0,
                1.0
            ],
            [
                -0.30920343204495926,
                0.42539884735070255,
                -0.8505463292991816,
                -0.001523360937474785,
                -0.9509958705752942,
                -0.13802777772233377,
                0.2766860797470161,
                -0.0002265349450137009,
                0.0003029197193108457,
                0.8944183323533388,
                0.44723120976729247,
                -0.000543653710561288,
                0.0,
                0.0,
                0.0,
                1.0
            ],
            [
                -0.49999999999933475,
                -0.6882408293937892,
                -0.5256658261253192,
                -0.0009952120683335234,
                0.6882396168532519,
                0.05265079054910837,
                -0.7235704002018345,
                0.0014458166747563735,
                0.5256674136698548,
                -0.7235692468657738,
                0.4473492094502266,
                0.0011042919503722937,
                0.0,
                0.0,
                0.0,
                1.0
            ],
            [
                -0.4999999999993354,
                0.6882396168532517,
                0.5256674136698547,
                -0.002073164641929113,
                -0.688240829393789,
                0.05265079054910793,
                -0.7235692468657741,
                3.796272460323863e-05,
                -0.5256658261253191,
                -0.7235704002018347,
                0.4473492094502264,
                2.899704490023145e-05,
                0.0,
                0.0,
                0.0,
                1.0
            ],
            [
                -0.00013863501494837394,
                -0.5259751233743206,
                -0.8504999414295693,
                -0.0005542139442050844,
                0.8505728619336999,
                -0.44730354291283647,
                0.27648751696874074,
                0.0018284146797876836,
                -0.5258571928976992,
                -0.7233738384051449,
                0.44744217792778473,
                2.865462163563022e-05,
                0.0,
                0.0,
                0.0,
                1.0
            ],
            [
                -0.00013863501494881803,
                0.8505728619336997,
                -0.5258571928976995,
                -0.001540208501550181,
                -0.5259751233743203,
                -0.44730354291283714,
                -0.7233738384051449,
                0.0005470816201444458,
                -0.8504999414295696,
                0.2764875169687405,
                0.4474421779277845,
                -0.0009897140482019095,
                0.0,
                0.0,
                0.0,
                1.0
            ],
            [
                -0.00024102664987557532,
                -0.5256231589645518,
                -0.8507174834610366,
                -0.0005545327231741073,
                -0.8505907390064599,
                0.44743906261072897,
                -0.27621310607296745,
                -0.0004557173558641382,
                0.5258282387078484,
                0.7235458382232306,
                -0.4471980359608527,
                0.00022438154238416753,
                0.0,
                0.0,
                0.0,
                1.0
            ],
            [
                -0.0002410266498760194,
                -0.8505907390064602,
                0.5258282387078482,
                -0.000505748770897478,
                -0.5256231589645521,
                0.44743906261072874,
                0.7235458382232306,
                -0.00024991982634687366,
                -0.8507174834610366,
                -0.27621310607296723,
                -0.44719803596085317,
                -0.000497282804049999,
                0.0,
                0.0,
                0.0,
                1.0
            ]
        ]
    }
}